1.241451971288302536e+00 2.741126182313262660e+00 0.000000000000000000e+00
5.233761989519258861e-01 2.510556112905860893e+00 0.000000000000000000e+00
4.029140587590470446e+00 4.598032139876542246e-01 0.000000000000000000e+00
2.901945124012418553e+00 2.293427106585190778e+00 0.000000000000000000e+00
2.784873311193683421e+00 3.745521489656566949e-01 0.000000000000000000e+00
1.523108822257921879e+00 2.320803289896198773e+00 0.000000000000000000e+00
1.229791665427141023e+00 3.055240356285370495e+00 0.000000000000000000e+00
1.321405773915088178e+00 8.484238342536323252e-01 0.000000000000000000e+00
2.320007308612316965e+00 1.487342306129159297e+00 0.000000000000000000e+00
2.185833142052292732e+00 4.086037885651929713e+00 0.000000000000000000e+00
3.976635909774606237e-01 2.263777575965534083e+00 0.000000000000000000e+00
2.850192878845345223e+00 2.253725997632450184e+00 0.000000000000000000e+00
2.847283536542345672e+00 1.268268531809598310e+00 0.000000000000000000e+00
1.072019057660399177e+00 3.962964979580742231e+00 0.000000000000000000e+00
-3.813446205680146583e-01 2.346192933758657340e+00 0.000000000000000000e+00
2.278005330630226588e+00 2.697712954280860664e+00 0.000000000000000000e+00
1.817986518432053167e+00 6.081546861950417604e-01 0.000000000000000000e+00
2.337947296305733058e+00 2.901541973449187850e+00 0.000000000000000000e+00
1.463081134327444577e+00 5.323396602492642238e+00 0.000000000000000000e+00
2.467430558543898034e+00 4.243466180192402959e+00 0.000000000000000000e+00
2.007596099491193442e+00 2.124241232824612080e+00 0.000000000000000000e+00
2.571568503631581848e+00 3.013072859097225553e+00 0.000000000000000000e+00
1.930242933690912821e+00 7.065910153261962812e-01 0.000000000000000000e+00
2.649897110872905692e+00 1.629053709622070745e+00 0.000000000000000000e+00
2.548256186555887481e+00 2.406062674744111618e-01 0.000000000000000000e+00
1.546722890304164100e-01 4.190668385526056916e+00 0.000000000000000000e+00
2.030459416833103603e+00 3.759112511976390625e+00 0.000000000000000000e+00
1.970656565459017573e+00 1.736732784600486745e+00 0.000000000000000000e+00
9.905823129045892017e-01 4.061483506304640834e+00 0.000000000000000000e+00
4.147130945415196113e-01 4.882744197493556371e+00 0.000000000000000000e+00
2.156203315918387986e+00 1.234730792758343965e+00 0.000000000000000000e+00
3.265497760486752110e+00 1.670155108052863380e+00 0.000000000000000000e+00
5.070653811492760177e+00 1.084595402800104580e+00 0.000000000000000000e+00
6.794201383328468680e-01 2.112967001248881260e+00 0.000000000000000000e+00
2.492784400693075941e+00 6.964564218047202271e-01 0.000000000000000000e+00
5.613394621534726348e-01 3.220772727794897428e+00 0.000000000000000000e+00
1.555342120480366797e+00 2.202931257669455078e+00 0.000000000000000000e+00
2.446232340572963349e+00 1.064153990091475599e+00 0.000000000000000000e+00
3.428169150545673283e+00 2.624518602797130118e-01 0.000000000000000000e+00
2.770328095954629255e+00 3.575412697500123471e+00 0.000000000000000000e+00
1.317142087123341465e+00 3.060132686083080422e+00 0.000000000000000000e+00
8.969701323851906327e-01 1.067511617015137748e+00 0.000000000000000000e+00
1.480695622949527834e+00 2.081161541958486350e+00 0.000000000000000000e+00
2.510729570140487255e+00 3.008795760366972161e+00 0.000000000000000000e+00
6.876643570163645247e-01 3.360009868671712141e+00 0.000000000000000000e+00
1.042517722551109305e+00 2.182151437722108511e+00 0.000000000000000000e+00
2.884413541140930182e+00 4.705037450478708472e-01 0.000000000000000000e+00
1.713876820903708076e+00 1.755119795207749522e+00 0.000000000000000000e+00
1.120663498144860881e+00 2.291270960243635635e+00 0.000000000000000000e+00
3.237995910618733042e+00 1.152456004787663302e+00 0.000000000000000000e+00
1.848548886261974999e+00 1.013123967937721082e+00 0.000000000000000000e+00
8.135091273362560216e-02 5.915099180999177975e+00 0.000000000000000000e+00
1.533272734749855370e+00 3.129891365200525577e+00 0.000000000000000000e+00
2.235070912114031749e+00 1.499557754696329237e+00 0.000000000000000000e+00
3.717594744904630932e+00 -1.540870219866063096e+00 0.000000000000000000e+00
1.921662323879182788e+00 1.988463569161379008e+00 0.000000000000000000e+00
3.319194489101941148e+00 -5.084234229774002856e-01 0.000000000000000000e+00
8.669441256249668104e-01 3.474449969170299468e+00 0.000000000000000000e+00
2.779295964267038066e+00 1.808539969057927133e+00 0.000000000000000000e+00
2.848685094128395878e+00 -2.592462469672618397e-02 0.000000000000000000e+00
2.796979633707720403e+00 1.966372853842620172e+00 0.000000000000000000e+00
1.709959134719130081e+00 1.608219776868996753e+00 0.000000000000000000e+00
1.493631688339443153e+00 1.349284932788541447e+00 0.000000000000000000e+00
3.390669959344028594e+00 3.877468255153869503e+00 0.000000000000000000e+00
2.805213176170723521e+00 2.408189902531676641e+00 0.000000000000000000e+00
2.989581620438851672e+00 1.537570762031572391e+00 0.000000000000000000e+00
2.859102243047378256e+00 1.538510525981601429e+00 0.000000000000000000e+00
3.382735108228006826e+00 5.666612299831115251e-01 0.000000000000000000e+00
7.265911611420574623e-01 2.433648409724533224e+00 0.000000000000000000e+00
4.727521262222316167e+00 -1.480367636855181246e+00 0.000000000000000000e+00
1.334217323507986164e+00 2.344422192452732645e+00 0.000000000000000000e+00
2.148418969164217707e+00 1.162103676390553009e+00 0.000000000000000000e+00
2.435505805732461226e+00 1.851120207362487058e+00 0.000000000000000000e+00
3.873371136974125939e+00 -4.371377367530064895e-01 0.000000000000000000e+00
8.848557670538053088e-01 2.259181728627239760e+00 0.000000000000000000e+00
1.450210724529406692e+00 2.528094252975754852e+00 0.000000000000000000e+00
2.330033209946927197e+00 3.098298006452619990e+00 0.000000000000000000e+00
1.872439654417992649e+00 2.650266652847570015e+00 0.000000000000000000e+00
-9.631230181853429606e-01 5.025220455118709850e+00 0.000000000000000000e+00
1.147530417027501581e+00 2.084684948461298148e+00 0.000000000000000000e+00
2.485489964792026996e+00 -4.042011072579305697e-01 0.000000000000000000e+00
8.134853538009056972e-01 1.200211414634084539e+00 0.000000000000000000e+00
8.760837304957558302e-01 3.325991060205089944e+00 0.000000000000000000e+00
3.700290197863890462e+00 7.211420949610782838e-01 0.000000000000000000e+00
3.589558233814729604e+00 1.110387066151499180e+00 0.000000000000000000e+00
1.660458481879869108e+00 3.173789485773625074e+00 0.000000000000000000e+00
3.049189475735667010e+00 1.391234361825393506e+00 0.000000000000000000e+00
1.200727090800028041e+00 4.774498519118157702e+00 0.000000000000000000e+00
2.252598060104009203e+00 2.304405609180091741e+00 0.000000000000000000e+00
1.376256977674649384e+00 1.729107770928921539e+00 0.000000000000000000e+00
2.226004511285828436e+00 6.594126016522592337e-01 0.000000000000000000e+00
1.901509967487286845e+00 4.776413937024327261e+00 0.000000000000000000e+00
9.192470580171034911e-01 -1.948714843888144088e-03 0.000000000000000000e+00
1.465577415116646964e+00 1.725827304686282870e+00 0.000000000000000000e+00
9.864028669647810776e-01 4.422323463340378069e+00 0.000000000000000000e+00
9.505775570929864138e-01 2.746707681914314580e+00 0.000000000000000000e+00
1.780190021106685672e+00 4.407831484083224005e+00 0.000000000000000000e+00
1.686846652775223498e+00 1.811218746520776968e+00 0.000000000000000000e+00
1.658337879577669538e+00 3.278004418541393239e+00 0.000000000000000000e+00
6.809252645203756060e-01 8.218112053563626507e-01 0.000000000000000000e+00
9.773943631955585687e+00 2.742801660382240936e+00 1.000000000000000000e+00
9.877495225618959651e+00 7.074725413255618101e+00 1.000000000000000000e+00
8.235476086717763877e+00 5.250226463343566685e+00 1.000000000000000000e+00
9.775335705419443855e+00 5.652347039232227921e+00 1.000000000000000000e+00
8.118288760712276897e+00 4.974893542152354797e+00 1.000000000000000000e+00
1.073302890699240386e+01 4.365325145526284700e+00 1.000000000000000000e+00
7.019909756841999027e+00 5.495298707475551048e+00 1.000000000000000000e+00
9.136149077882457448e+00 5.895428444439801297e+00 1.000000000000000000e+00
7.097930040818566155e+00 5.245496350769849769e+00 1.000000000000000000e+00
9.788693783452382391e+00 6.720671689456244380e+00 1.000000000000000000e+00
7.757103215717373601e+00 4.389181233429854778e+00 1.000000000000000000e+00
8.608366309054513721e+00 3.070458949928948300e+00 1.000000000000000000e+00
9.517075756772168660e+00 5.632081412151401345e+00 1.000000000000000000e+00
7.146082332276468385e+00 7.870272413740055484e+00 1.000000000000000000e+00
1.093013505574366739e+01 5.905793542393372952e+00 1.000000000000000000e+00
1.014474966045273874e+01 5.913374110032371789e+00 1.000000000000000000e+00
6.573554746393968529e+00 5.611774881103617219e+00 1.000000000000000000e+00
8.351934551426477782e+00 4.847586140604908778e+00 1.000000000000000000e+00
9.738752838437896742e+00 2.473513085853428439e+00 1.000000000000000000e+00
8.645436712129519918e+00 4.898479922718104618e+00 1.000000000000000000e+00
9.665736278527779390e+00 4.636874501760310352e+00 1.000000000000000000e+00
8.429800907167980029e+00 6.058337759119686083e+00 1.000000000000000000e+00
9.475718542754460572e+00 5.989466885720545086e+00 1.000000000000000000e+00
8.582473443094619014e+00 3.257568662424152439e+00 1.000000000000000000e+00
9.682482559034211178e+00 4.321010599665762619e+00 1.000000000000000000e+00
9.601587633084221807e+00 6.164496903851340193e+00 1.000000000000000000e+00
5.289788022226742825e+00 7.794698297073166415e+00 1.000000000000000000e+00
9.042020844429954352e+00 4.547623785404785401e+00 1.000000000000000000e+00
1.061968554167847678e+01 4.591750191597715691e+00 1.000000000000000000e+00
9.937193687623237182e+00 4.397598409120447194e+00 1.000000000000000000e+00
9.176461910179162018e+00 1.743904271436390818e+00 1.000000000000000000e+00
9.785001592660956149e+00 6.081259708727055902e+00 1.000000000000000000e+00
8.639879335123366033e+00 5.808704473409715519e+00 1.000000000000000000e+00
7.835696530859864950e+00 5.849913360395143869e+00 1.000000000000000000e+00
7.845908191162363821e+00 6.329798647835646719e+00 1.000000000000000000e+00
9.040692916639292420e+00 6.551583115468450735e+00 1.000000000000000000e+00
7.683281894778415833e+00 4.377336793920642677e+00 1.000000000000000000e+00
9.602061936265403830e+00 3.845286081055726335e+00 1.000000000000000000e+00
8.186005415197971757e+00 8.527222745163948403e+00 1.000000000000000000e+00
9.279004655396215995e+00 8.135282835607604568e+00 1.000000000000000000e+00
8.334647178297187153e+00 4.033525377711709048e+00 1.000000000000000000e+00
9.706644963139126503e+00 4.914217244351041458e+00 1.000000000000000000e+00
1.014021799459479212e+01 5.184786160850904935e+00 1.000000000000000000e+00
9.235603007618292892e+00 5.629211502763984853e+00 1.000000000000000000e+00
8.850637172847118705e+00 6.701241762498260535e+00 1.000000000000000000e+00
8.961132153305696235e+00 4.567648744407078354e+00 1.000000000000000000e+00
1.011692876044720357e+01 4.496691378132396721e+00 1.000000000000000000e+00
9.006872630490017073e+00 1.579166715578738334e+00 1.000000000000000000e+00
9.706571483496349018e+00 6.639767415634503678e+00 1.000000000000000000e+00
9.437687344160464065e+00 4.227346166336809041e+00 1.000000000000000000e+00
1.072947417922705604e+01 6.065262680853239274e+00 1.000000000000000000e+00
7.491665008336187981e+00 5.389676394668551751e+00 1.000000000000000000e+00
9.650559285231524953e+00 4.105898070055026494e+00 1.000000000000000000e+00
7.813710491097401345e+00 4.150008831727200587e+00 1.000000000000000000e+00
9.799275697852127820e+00 4.145266164056890190e+00 1.000000000000000000e+00
8.751798881005178998e+00 3.501302334333432409e+00 1.000000000000000000e+00
7.884444796063241334e+00 6.415339152617808516e+00 1.000000000000000000e+00
9.167612956110044564e+00 7.035826416916375337e+00 1.000000000000000000e+00
9.680915310198029644e+00 3.841280529977164626e+00 1.000000000000000000e+00
8.581121022300850498e+00 7.439251689187932115e+00 1.000000000000000000e+00
8.332396540443831157e+00 5.062693269787059691e+00 1.000000000000000000e+00
1.108385339206161468e+01 2.621214879207105497e+00 1.000000000000000000e+00
8.040275503217593212e+00 6.762873636363408991e+00 1.000000000000000000e+00
1.069743794585146190e+01 5.168922442354597635e+00 1.000000000000000000e+00
1.061529104253683187e+01 6.072048319931983684e+00 1.000000000000000000e+00
7.156840390842258870e+00 5.125119243927089840e+00 1.000000000000000000e+00
8.910943958109497132e+00 5.716634904544138251e+00 1.000000000000000000e+00
8.139002853072605959e+00 6.091798036429737273e+00 1.000000000000000000e+00
8.914689071163198975e+00 7.073553189745770631e+00 1.000000000000000000e+00
8.471908766316024852e+00 3.095566765966992762e+00 1.000000000000000000e+00
9.531511491164328831e+00 6.033033961092938213e+00 1.000000000000000000e+00
6.505768992916840077e+00 4.269976844920021719e+00 1.000000000000000000e+00
8.329286044227453445e+00 5.441631819855262009e+00 1.000000000000000000e+00
1.068996643188285844e+01 5.834272017679191791e+00 1.000000000000000000e+00
8.160390527506503844e+00 1.273352015622287503e+00 1.000000000000000000e+00
8.401473450163930323e+00 2.269349705900588710e+00 1.000000000000000000e+00
8.691630723388922064e+00 5.310729921278667831e+00 1.000000000000000000e+00
9.965659040724874629e+00 2.961475846717594340e+00 1.000000000000000000e+00
1.065476438501115908e+01 4.708375491774765997e+00 1.000000000000000000e+00
7.754756372456400371e+00 6.408531872948096009e+00 1.000000000000000000e+00
8.817370765406725042e+00 6.040090190315287266e+00 1.000000000000000000e+00
8.462928623069762679e+00 7.158424422056237191e+00 1.000000000000000000e+00
8.660155160648814743e+00 4.456239395787719104e+00 1.000000000000000000e+00
9.485627287012489361e+00 5.047766708852621242e+00 1.000000000000000000e+00
8.281527302468187912e+00 3.787625555196516558e-01 1.000000000000000000e+00
7.226134300956199574e+00 4.268851214182028286e+00 1.000000000000000000e+00
7.229106651379696658e+00 7.997246792967557028e+00 1.000000000000000000e+00
7.352106213122294953e+00 3.680142861798803011e+00 1.000000000000000000e+00
1.006070476738956998e+01 3.450840211544565328e+00 1.000000000000000000e+00
7.548423665072694355e+00 5.930362287142364686e+00 1.000000000000000000e+00
1.042301334221036413e+01 4.788333704331785512e+00 1.000000000000000000e+00
6.027143980499245934e+00 7.396772459935605504e+00 1.000000000000000000e+00
8.878566011405318648e+00 6.813704395770122879e+00 1.000000000000000000e+00
8.877680951061408976e+00 7.496451335609609856e+00 1.000000000000000000e+00
1.009220271454829110e+01 3.870143950918126574e+00 1.000000000000000000e+00
8.421583246855471216e+00 5.210751161873799830e+00 1.000000000000000000e+00
8.037380312825485262e+00 6.197436062248544708e+00 1.000000000000000000e+00
1.075641059963630219e+01 4.145673235973760029e+00 1.000000000000000000e+00
9.705643811130459042e+00 5.695484178050371327e+00 1.000000000000000000e+00
9.968252561883142349e+00 6.208735163299360593e+00 1.000000000000000000e+00
