1.840992918686035429e+00 3.330181471322673392e+00 0.000000000000000000e+00
4.467465698381720696e-01 5.246058907300993113e+00 0.000000000000000000e+00
2.343849932261330427e+00 6.865288277802621408e-01 0.000000000000000000e+00
8.868218918624379832e-01 1.256551659641538476e+00 0.000000000000000000e+00
2.819370813065436909e+00 2.073095663392892973e+00 0.000000000000000000e+00
2.634217499848030108e+00 1.236851658016524080e+00 0.000000000000000000e+00
2.929388550342238773e+00 2.000755715536385537e+00 0.000000000000000000e+00
1.532984460618753264e+00 6.104018951060625753e-01 0.000000000000000000e+00
4.808701009587667663e+00 -5.303402164101660432e-01 0.000000000000000000e+00
1.056577725913412813e+00 1.812225183677868001e+00 0.000000000000000000e+00
3.141628692793412725e+00 9.604437634947005087e-01 0.000000000000000000e+00
1.799245432645486975e+00 5.355223414112035840e-01 0.000000000000000000e+00
1.782189448586633862e+00 1.339918676586908219e+00 0.000000000000000000e+00
2.405131664155359505e+00 1.063077348588746585e+00 0.000000000000000000e+00
3.032702000563102018e+00 6.668397979811029330e-01 0.000000000000000000e+00
2.017909433824833787e+00 8.270525738458291976e-01 0.000000000000000000e+00
2.648624317028112074e+00 2.491835679546949400e+00 0.000000000000000000e+00
2.257239769382193728e+00 1.756300087880392269e+00 0.000000000000000000e+00
1.766320166937092484e+00 -2.993851038271255760e-02 0.000000000000000000e+00
2.489871100648089364e+00 -3.784420450045966611e-01 0.000000000000000000e+00
2.588003554793976591e+00 1.658162312517997172e+00 0.000000000000000000e+00
2.547753040078497566e+00 3.526726679736936543e+00 0.000000000000000000e+00
2.096752113411140872e+00 1.461762283637694004e+00 0.000000000000000000e+00
2.596317799627005485e+00 2.556405270703535404e+00 0.000000000000000000e+00
1.523505405761205633e+00 3.485854996263687333e+00 0.000000000000000000e+00
2.973780612921517630e+00 -3.073194204415070629e-01 0.000000000000000000e+00
1.813024741789332595e+00 2.274160202077869730e+00 0.000000000000000000e+00
2.713995924841677176e+00 2.333545619250869230e+00 0.000000000000000000e+00
2.433792504858034000e+00 -1.922916372577105903e-01 0.000000000000000000e+00
2.012351549463004652e+00 3.750965313628459086e+00 0.000000000000000000e+00
2.063279485465387975e+00 2.170114500024499460e+00 0.000000000000000000e+00
2.306117011538934225e+00 1.226485061659706499e+00 0.000000000000000000e+00
1.600263847331600431e+00 2.291902552620181055e+00 0.000000000000000000e+00
3.658235602804079001e+00 4.190998527973797128e-01 0.000000000000000000e+00
1.940277295991240436e+00 2.355310675623202066e+00 0.000000000000000000e+00
1.626089144891284866e+00 2.594922814778233722e+00 0.000000000000000000e+00
2.352212359485764459e+00 2.227345369827036237e-01 0.000000000000000000e+00
3.362607672586391594e+00 -3.236486941951040031e-01 0.000000000000000000e+00
3.368008320242793729e+00 1.695784082255498593e+00 0.000000000000000000e+00
3.177813866369281204e+00 9.431337243720243624e-01 0.000000000000000000e+00
7.211587947082644945e-01 4.824264219381279695e+00 0.000000000000000000e+00
1.952567478635371945e+00 9.818395692140822195e-01 0.000000000000000000e+00
3.174932230667992350e+00 2.347676150357783431e+00 0.000000000000000000e+00
1.498818429176413503e+00 1.797068691649313488e+00 0.000000000000000000e+00
1.667331214191665634e+00 6.020732374338908510e-01 0.000000000000000000e+00
1.131575111283832813e+00 1.282996999874668198e+00 0.000000000000000000e+00
1.022309418382794100e+00 2.870228297367412029e+00 0.000000000000000000e+00
1.998709711710039194e+00 2.875592641319459908e+00 0.000000000000000000e+00
2.680858420576421874e-01 4.918524457986726439e+00 0.000000000000000000e+00
2.191224230642284443e+00 1.860312093550839485e+00 0.000000000000000000e+00
-1.489649695755197456e-01 3.366642243203879836e+00 0.000000000000000000e+00
1.213252745291590218e+00 3.637370666664480723e+00 0.000000000000000000e+00
2.757015699862063407e+00 3.372646444311718561e+00 0.000000000000000000e+00
2.710076696735094437e+00 -3.931793869957509457e-01 0.000000000000000000e+00
7.112769646246399624e-01 2.310395897742414384e+00 0.000000000000000000e+00
7.732612102916840424e-01 3.303134131106139737e+00 0.000000000000000000e+00
2.700533145269806035e+00 3.771362656363409727e+00 0.000000000000000000e+00
2.122247903850698503e+00 2.280264431689771332e+00 0.000000000000000000e+00
2.168337446556142023e+00 1.962566978663364381e+00 0.000000000000000000e+00
1.565096258295956000e+00 3.662016457747212961e+00 0.000000000000000000e+00
2.433388808216388810e+00 2.937896713898642709e+00 0.000000000000000000e+00
1.648213991109238385e+00 1.736373146597714801e+00 0.000000000000000000e+00
2.112928237830207667e+00 2.365664870875788584e+00 0.000000000000000000e+00
2.512345178418422975e+00 -2.690200946725616049e-01 0.000000000000000000e+00
1.640418047938227319e+00 2.187902951744718827e+00 0.000000000000000000e+00
8.084754302470082976e-01 2.536026627929941046e+00 0.000000000000000000e+00
2.499701777452749685e+00 1.955774420907873345e+00 0.000000000000000000e+00
1.868627573273342612e+00 1.951896374974721349e+00 0.000000000000000000e+00
2.472842283323808843e+00 8.959397183242481244e-01 0.000000000000000000e+00
1.623844408225517899e+00 1.843573934505281953e+00 0.000000000000000000e+00
2.281547175082736967e+00 2.726787369898751479e+00 0.000000000000000000e+00
1.782175293642570546e+00 7.486341521156234524e-01 0.000000000000000000e+00
2.132348866385108899e+00 3.150835665494370552e+00 0.000000000000000000e+00
1.868097684013196425e+00 2.218234502317657508e+00 0.000000000000000000e+00
3.442698821761791983e+00 7.312457563884631195e-01 0.000000000000000000e+00
4.196454083726726125e-01 3.069697672749600592e+00 0.000000000000000000e+00
2.723198283607226156e+00 1.305968080745921078e+00 0.000000000000000000e+00
7.786380142147326655e-01 3.335696089433505485e+00 0.000000000000000000e+00
1.308766946539305698e+00 1.462417366069517666e+00 0.000000000000000000e+00
7.176964792596396414e-02 4.838740354602189875e+00 0.000000000000000000e+00
2.834112566258584209e+00 3.464116709956280182e+00 0.000000000000000000e+00
1.489720860952879811e+00 4.124786829838207325e+00 0.000000000000000000e+00
2.368370726156816097e+00 4.577266872828533728e-01 0.000000000000000000e+00
2.201112014337513578e+00 5.936969010333603691e-01 0.000000000000000000e+00
1.427816415163968955e+00 2.817347892877180904e+00 0.000000000000000000e+00
3.598270224938618700e+00 -4.855927406793547618e-02 0.000000000000000000e+00
1.839539083737954384e+00 4.934329175555731695e+00 0.000000000000000000e+00
1.618489916300023257e+00 5.582472731197201110e-01 0.000000000000000000e+00
2.868635144929768455e+00 1.463938663389663608e+00 0.000000000000000000e+00
2.236014265678762492e+00 7.212877363047094370e-01 0.000000000000000000e+00
2.083257368179772584e+00 7.845308014354706039e-01 0.000000000000000000e+00
1.460122416071206519e+00 3.163303204235027533e+00 0.000000000000000000e+00
2.792800570237037761e+00 2.812330346727867081e+00 0.000000000000000000e+00
-2.004231141930024052e-02 3.498280925718765477e+00 0.000000000000000000e+00
1.209692514937058760e+00 4.815607108481253285e+00 0.000000000000000000e+00
3.810374544130834096e+00 1.126967841433320849e+00 0.000000000000000000e+00
2.106573097387393290e+00 2.134458852902179515e+00 0.000000000000000000e+00
6.956802582921191025e-01 1.858805317145193481e+00 0.000000000000000000e+00
2.244781270510678883e+00 1.601602612056094443e-01 0.000000000000000000e+00
1.389987894109705469e+00 5.143401039597415014e-01 0.000000000000000000e+00
6.639097040921681625e+00 5.490475012765959839e+00 1.000000000000000000e+00
9.392118773014983546e+00 6.072459347555029474e+00 1.000000000000000000e+00
7.885498419144842508e+00 5.300456034034154662e+00 1.000000000000000000e+00
7.864431132492718746e+00 4.598081461268960446e+00 1.000000000000000000e+00
8.089154439144877529e+00 6.993838939250971443e+00 1.000000000000000000e+00
9.105196995354420508e+00 5.829167415891356896e+00 1.000000000000000000e+00
9.189831048996937923e+00 3.941604746588892816e+00 1.000000000000000000e+00
1.039268738673052539e+01 5.027778058236657799e+00 1.000000000000000000e+00
7.438600324038310951e+00 4.135353337426362685e+00 1.000000000000000000e+00
8.520371426084334843e+00 3.997694184751703794e+00 1.000000000000000000e+00
1.013823682356819234e+01 3.969522872569042349e+00 1.000000000000000000e+00
8.380455225769880556e+00 3.291368231364319552e+00 1.000000000000000000e+00
7.198465303155977324e+00 4.651164839323307376e+00 1.000000000000000000e+00
9.484027256215661339e+00 5.644176106310373697e+00 1.000000000000000000e+00
9.318047680911261565e+00 2.297304061581868506e+00 1.000000000000000000e+00
8.085345392004416709e+00 6.485058725101422894e+00 1.000000000000000000e+00
8.748429066196742099e+00 4.683732284207037466e+00 1.000000000000000000e+00
1.109819666431128127e+01 4.005713668716929909e+00 1.000000000000000000e+00
9.723980449628760070e+00 5.185668150201586002e+00 1.000000000000000000e+00
1.159239197141713262e+01 3.150018672661566654e+00 1.000000000000000000e+00
9.589335232983513535e+00 6.328253034614527373e+00 1.000000000000000000e+00
1.089916869504207497e+01 4.045124582812702485e+00 1.000000000000000000e+00
1.008351366745361588e+01 4.299548482216325240e+00 1.000000000000000000e+00
7.147426339995208266e+00 4.735720943202217370e+00 1.000000000000000000e+00
9.105361424771276191e+00 5.955777531096349442e+00 1.000000000000000000e+00
1.102059625941642196e+01 3.015568109440281752e+00 1.000000000000000000e+00
1.189963892719531380e+01 3.896417158239722234e+00 1.000000000000000000e+00
8.544414419281510575e+00 5.667544676418063254e+00 1.000000000000000000e+00
8.831977390226573021e+00 3.748596363236138984e+00 1.000000000000000000e+00
1.001490285314675432e+01 5.415374665542832311e+00 1.000000000000000000e+00
8.838021123560555026e+00 7.412141027517352931e+00 1.000000000000000000e+00
5.779299081029798835e+00 5.161967298794295722e+00 1.000000000000000000e+00
6.513876867745248767e+00 5.482290740319431421e+00 1.000000000000000000e+00
9.314740728196751363e+00 4.162138345947422380e+00 1.000000000000000000e+00
9.969839718419468255e+00 6.031575509689503178e+00 1.000000000000000000e+00
7.651383755999821901e+00 4.401160716613691015e+00 1.000000000000000000e+00
8.964088762387017795e+00 4.299196713212610987e+00 1.000000000000000000e+00
8.570974308116740659e+00 6.703146571468818316e+00 1.000000000000000000e+00
1.098994100047502798e+01 3.829541006991498797e+00 1.000000000000000000e+00
7.810318637344732196e+00 4.402632231584158617e+00 1.000000000000000000e+00
8.768998367843071406e+00 6.113324320053843408e+00 1.000000000000000000e+00
1.020333918908581339e+01 5.147042257769626872e+00 1.000000000000000000e+00
9.404081473341355135e+00 4.208717531597883976e+00 1.000000000000000000e+00
9.074590242559105846e+00 3.210515270778692809e+00 1.000000000000000000e+00
9.942500818163820142e+00 5.414720878798292780e+00 1.000000000000000000e+00
1.031896450745983174e+01 3.461592544093564427e+00 1.000000000000000000e+00
1.016406856185206742e+01 6.095969074835631218e+00 1.000000000000000000e+00
7.675230237235941999e+00 4.498586531688402168e+00 1.000000000000000000e+00
8.999031914211689909e+00 6.512101869962518386e+00 1.000000000000000000e+00
9.418895377203497787e+00 6.714486592652953334e+00 1.000000000000000000e+00
7.201515308043477503e+00 7.503121750902369769e+00 1.000000000000000000e+00
7.838915456382945735e+00 8.787934087371308323e+00 1.000000000000000000e+00
1.039136159476623789e+01 3.779621352187327865e+00 1.000000000000000000e+00
7.720032015893082189e+00 6.111427726098099811e+00 1.000000000000000000e+00
8.603600170286693327e+00 3.279685302168509065e+00 1.000000000000000000e+00
8.852106591552878712e+00 3.930655991391474480e+00 1.000000000000000000e+00
9.887329002379644294e+00 6.049236837697323566e+00 1.000000000000000000e+00
9.819467247660355724e+00 7.393418482706375805e+00 1.000000000000000000e+00
7.437435919577886523e+00 7.248198724038850571e+00 1.000000000000000000e+00
8.994547347665102777e+00 5.772665486183093719e+00 1.000000000000000000e+00
1.028457417257916617e+01 5.606258506091041482e+00 1.000000000000000000e+00
1.060952146646713246e+01 2.731603529272769837e+00 1.000000000000000000e+00
9.155878804861870890e+00 6.927042978774681004e+00 1.000000000000000000e+00
9.931405591055817439e+00 2.830460175368588960e+00 1.000000000000000000e+00
8.180583282255502908e+00 6.238212881188117009e+00 1.000000000000000000e+00
1.202475502403192209e+01 4.066428784498385518e+00 1.000000000000000000e+00
8.561747352363097363e+00 6.402650058071183814e+00 1.000000000000000000e+00
1.001965492600118957e+01 7.893320882732597354e+00 1.000000000000000000e+00
7.770785256590611922e+00 4.869104779731868504e+00 1.000000000000000000e+00
7.449919255134329177e+00 4.672293404172636500e+00 1.000000000000000000e+00
8.737294229787995192e+00 5.455562708231445512e+00 1.000000000000000000e+00
1.100696873606179160e+01 4.978633713672688366e+00 1.000000000000000000e+00
6.208695405466284178e+00 5.604261997229317060e+00 1.000000000000000000e+00
7.178142181147951995e+00 5.296167654154290361e+00 1.000000000000000000e+00
8.538814953896212145e+00 3.758261892684249261e+00 1.000000000000000000e+00
9.807348017032079923e+00 5.054716557260753973e+00 1.000000000000000000e+00
9.010597708649358495e+00 5.959939050126775051e+00 1.000000000000000000e+00
1.064590497377774447e+01 2.935239921594405388e+00 1.000000000000000000e+00
8.542247572116094645e+00 5.167150994718118007e+00 1.000000000000000000e+00
1.008619842318737447e+01 3.905891383691908914e+00 1.000000000000000000e+00
7.996324253875259025e+00 4.233684641705417917e+00 1.000000000000000000e+00
9.631782291823123288e+00 4.533900673388118641e+00 1.000000000000000000e+00
6.816754463421789367e+00 4.129405155050855925e+00 1.000000000000000000e+00
9.371182796233169299e+00 4.991175283610839841e+00 1.000000000000000000e+00
7.384331477778221853e+00 3.177596686294426931e+00 1.000000000000000000e+00
8.862681600452530617e+00 6.195120248768333227e+00 1.000000000000000000e+00
9.613693015300659894e+00 6.105122511841308608e+00 1.000000000000000000e+00
6.701998622907318293e+00 6.125384514688695603e+00 1.000000000000000000e+00
8.556519090653907256e+00 6.799291007723435420e+00 1.000000000000000000e+00
8.243280231937749392e+00 7.421515137608842849e+00 1.000000000000000000e+00
9.093905963171920348e+00 4.786744717583761854e+00 1.000000000000000000e+00
9.491584496639204005e+00 5.066330278307449753e+00 1.000000000000000000e+00
7.415923285913375018e+00 4.311939122188032769e+00 1.000000000000000000e+00
9.827181561863739034e+00 5.381414954225930636e+00 1.000000000000000000e+00
7.966139843302865842e+00 5.067607553975092216e+00 1.000000000000000000e+00
9.245414074774771507e+00 6.911294745810829809e+00 1.000000000000000000e+00
8.216201954937275787e+00 4.956548125090665557e+00 1.000000000000000000e+00
7.906701904102661160e+00 6.285944078098773424e+00 1.000000000000000000e+00
7.478307202441907720e+00 5.666458521318265440e+00 1.000000000000000000e+00
9.996971026091815204e+00 6.614303688165281692e+00 1.000000000000000000e+00
